1|3|110571341
2|3|107376981
3|3|118501309
1|3|122374999
2|3|106616339
3|3|106905696
1|3|107110263
2|3|109514362
3|3|113629939
1|2|114791013
2|2|110569221
3|2|108077939
1|3|107138938
2|3|112981986
3|3|117418872
1|3|118017651
2|3|113215079
3|3|113692880
1|3|110825148
2|3|111970919
3|3|110167678
1|2|109940538
2|2|110511309
3|2|112084321
1|2|108533212
2|2|114699661
3|2|112258125
1|5|107250229
2|5|111855033
3|5|113013694
1|9|113724806
2|9|114402775
3|9|112311967
1|7|108138425
2|7|109727975
3|7|106816184
1|5|114156453
2|5|107359499
3|5|108586219
1|2|111117505
2|2|119549153
3|2|116396606
1|6|111245893
2|6|114874697
3|6|111417500
1|7|105398210
2|7|106136618
3|7|107658432
1|7|108099650
2|7|110734082
3|7|110173604
1|5|110579477
2|5|115131834
3|5|113483077
1|6|109430203
2|6|110558565
3|6|105343733
1|5|105317288
2|5|110416979
3|5|107812622
1|7|106562573
2|7|106547259
3|7|105909261
1|7|104823816
2|7|105120313
3|7|106761299
1|7|106242789
2|7|104927185
3|7|121107494
1|3|106762407
2|3|107422314
3|3|106356327
1|5|105945953
2|5|108619144
3|5|108530281
1|5|107239436
2|5|110794828
3|5|109001502
1|3|105941507
2|3|114266664
3|3|106528324
1|3|108171806
2|3|114298915
3|3|109075779
1|3|106378141
2|3|105954614
3|3|106364291
1|5|105996056
2|5|105104044
3|5|110346847
1|4|104096366
2|4|105982229
3|4|113910007
1|4|105361928
2|4|107544528
3|4|105150317
1|2|105342186
2|2|105949529
3|2|105384102
1|4|110619418
2|4|107434782
3|4|108448554
1|4|107261373
2|4|105406367
3|4|105519574
1|7|105611856
2|7|108545614
3|7|107078494
1|5|105828457
2|5|108714508
3|5|107307815
1|7|108147201
2|7|106593062
3|7|108800928
1|7|107451440
2|7|107678423
3|7|106887532
1|3|110146617
2|3|113636281
3|3|118399492
1|3|112685133
2|3|109325551
3|3|115163605
1|11|111434082
2|11|109065172
3|11|107974725
1|5|115706113
2|5|121532216
3|5|125725031
1|7|110492210
2|7|114524327
3|7|110549396
1|7|106497735
2|7|117290788
3|7|113985951
1|7|108267728
2|7|108926376
3|7|110089597
1|7|111755323
2|7|112540781
3|7|110765956
1|7|107271152
2|7|107988714
3|7|105458268
1|7|108840106
2|7|109279679
3|7|110203713
1|7|115920146
2|7|105801929
3|7|109814782
1|7|105848522
2|7|106625269
3|7|106556538
1|7|105941372
2|7|110256779
3|7|109911554
1|9|106142912
2|9|105526330
3|9|113198750
1|7|105343087
2|7|112399577
3|7|106482060
1|7|107186312
2|7|114397843
3|7|113339006
1|9|107395876
2|9|106909343
3|9|107181020
1|7|106060868
2|7|113170368
3|7|107427971
1|7|106999112
2|7|110363103
3|7|106890394
1|7|105841567
2|7|107550625
3|7|106731376
1|7|105886940
2|7|108116082
3|7|106763434
1|5|104618300
2|5|107364357
3|5|105264597
1|6|105708311
2|6|106196659
3|6|105779405
1|6|105623710
2|6|109749649
3|6|112540333
1|4|108067289
2|4|113669008
3|4|110851304
1|4|108913782
2|4|113129502
3|4|113496779
1|4|107267166
2|4|111513100
3|4|110960832
1|4|111972852
2|4|116223079
3|4|109759042
1|4|110140414
2|4|107554354
3|4|107335237
1|2|117051455
2|2|109170482
3|2|112610768
1|2|106765156
2|2|109024479
3|2|113022354
1|4|117026019
2|4|116232160
3|4|109605365
1|4|112124554
2|4|107181343
3|4|118583175
1|4|106181728
2|4|116238749
3|4|110802129
1|6|105708921
2|6|105664075
3|6|107100482
1|5|107154714
2|5|108649970
3|5|109008255
1|5|110263990
2|5|112391219
3|5|107386311
1|6|122398144
2|6|110888388
3|6|113908728
1|7|112422080
2|7|107741909
3|7|114314515
1|7|109066698
2|7|113029843
3|7|107998573
1|5|107556436
2|5|106090130
3|5|106920660
1|7|106335244
2|7|107019594
3|7|108084633
1|7|107830586
2|7|106712472
3|7|105668453
1|5|105370153
2|5|113088372
3|5|106766068
1|7|106307560
2|7|113462456
3|7|114347064
1|7|105804328
2|7|107305952
3|7|105110787
1|7|105233731
2|7|106009446
3|7|107826457
1|7|104833310
2|7|113893095
3|7|103979862
1|7|105111969
2|7|107020152
3|7|113013903
1|7|105705462
2|7|105237495
3|7|107099322
1|7|106251567
2|7|106830419
3|7|107280239
1|11|105002237
2|11|106352114
3|11|106962291
1|7|107081406
2|7|105031975
3|7|105134385
1|9|105965694
2|9|104991767
3|9|109836882
1|7|104941780
2|7|105805455
3|7|106297934
1|7|112029625
2|7|110479180
3|7|109687183
1|9|111135097
2|9|109053509
3|9|108253211
1|7|110582421
2|7|111501780
3|7|106274028
1|7|108733759
2|7|112357951
3|7|108360220
1|7|108630010
2|7|112374204
3|7|109287279
1|7|109713083
2|7|106819004
3|7|105580677
1|3|110960312
2|3|115611466
3|3|105740337
1|3|104916449
2|3|108346756
3|3|104952255
1|3|104645405
2|3|105290665
3|3|106444644
1|3|106035053
2|3|106631423
3|3|109615131
1|3|104846811
2|3|112180928
3|3|106206103
1|3|109418265
2|3|107037730
3|3|106814591
1|3|107041838
2|3|104769308
3|3|111837713
1|3|111773276
2|3|108349646
3|3|112229086
1|3|104724789
2|3|106666361
3|3|108141305
1|3|111382257
2|3|107825770
3|3|105521808
1|5|106443660
2|5|107886399
3|5|106128405
1|5|108048595
2|5|110115046
3|5|109656838
1|5|110972631
2|5|105767407
3|5|107331279
1|5|104983129
2|5|106266044
3|5|109122453
1|5|108050870
2|5|106731434
3|5|106177988
1|5|107578309
2|5|107137771
3|5|105208236
1|5|106155351
2|5|107447095
3|5|106600540
1|5|107920036
2|5|109338633
3|5|114963295
1|5|106038914
2|5|111849616
3|5|105498748
1|5|107180332
2|5|105579300
3|5|105860339
1|2|105128751
2|2|114436361
3|2|108608980
1|2|109582613
2|2|106592631
3|2|107773474
1|2|117731655
2|2|119341161
3|2|115200356
1|2|114132101
2|2|112675383
3|2|107987917
1|2|111753274
2|2|115584508
3|2|114571574
1|2|113124978
2|2|110270543
3|2|111938316
1|4|107147791
2|4|117300051
3|4|114244720
1|4|110154348
2|4|124586000
3|4|113008291
1|4|108679499
2|4|112380301
3|4|109486068
1|5|112091180
2|5|107788839
3|5|111222998
1|5|107819703
2|5|113592365
3|5|111630891
1|4|105570801
2|4|107937231
3|4|106635949
1|4|107882047
2|4|107146528
3|4|105382029
1|2|114126658
2|2|106363782
3|2|106348731
1|2|105361802
2|2|107142170
3|2|105682635
1|2|104567705
2|2|104928351
3|2|107275989
1|2|105985411
2|2|107200845
3|2|106938097
1|2|105220840
2|2|110968257
3|2|105790610
1|2|106575459
2|2|108550662
3|2|108408893
1|2|105719786
2|2|108676065
3|2|105640857
1|2|106170045
2|2|115476685
3|2|106333150
1|2|104793750
2|2|106509224
3|2|108141462
1|2|106770254
2|2|105026885
3|2|123465259
1|2|103662331
2|2|105880804
3|2|105989553
1|2|104782759
2|2|107978781
3|2|104035426
1|2|105932026
2|2|110573933
3|2|111269904
1|2|109888529
2|2|112545778
3|2|109673931
1|2|108442216
2|2|104688316
3|2|107960840
1|2|108753038
2|2|108978614
3|2|119987108
1|2|107249176
2|2|106946660
3|2|109324651
1|2|113124658
2|2|109128560
3|2|106910600
1|2|107048366
2|2|107096380
3|2|112003610
1|2|108634566
2|2|107768970
3|2|108047877
1|7|107213881
2|7|110836466
3|7|104975413
1|7|104533062
2|7|107897417
3|7|107066189
1|7|114760483
2|7|114253972
3|7|111927609
1|7|106287472
2|7|108592951
3|7|106656517
1|7|106855290
2|7|108054175
3|7|108051304
1|7|108998246
2|7|108922496
3|7|108408132
1|7|107736653
2|7|108074327
3|7|110363077
1|7|105419846
2|7|108223180
3|7|110905499
1|7|110636903
2|7|107413034
3|7|107426841
1|7|106076270
2|7|106084701
3|7|107110149
1|4|106266576
2|4|105124026
3|4|104436669
1|4|105089401
2|4|105300467
3|4|105345524
1|4|107552428
2|4|118794752
3|4|108714351
1|4|110417877
2|4|113697520
3|4|106898585
1|4|107267756
2|4|108885629
3|4|106716734
1|4|105699241
2|4|106820680
3|4|113731209
1|3|105074927
2|3|105905527
3|3|107208420
1|4|105746492
2|4|107225843
3|4|105631472
1|4|105194793
2|4|106955585
3|4|105626550
1|4|104971306
2|4|105673825
3|4|106671339
1|9|105512892
2|9|106085011
3|9|106228779
1|9|106030039
2|9|106108376
3|9|105698060
1|9|105903808
2|9|106140133
3|9|105612696
1|9|106221101
2|9|106342357
3|9|106268843
1|9|104874544
2|9|106396651
3|9|106373691
1|6|115894257
2|6|124310444
3|6|105865308
1|6|107398355
2|6|106612882
3|6|111361977
1|6|119633971
2|6|107240378
3|6|107239155
1|6|109634047
2|6|108445324
3|6|107143097
1|6|117151493
2|6|105496115
3|6|107861382
1|3|105374666
2|3|105174084
3|3|104393205
1|3|105525102
2|3|105472049
3|3|105932844
1|3|104219084
2|3|116210702
3|3|105472355
1|3|105982398
2|3|105444855
3|3|110516420
1|3|105965470
2|3|105757531
3|3|105407392
1|3|107238200
2|3|105735549
3|3|105909020
1|3|104453900
2|3|106171835
3|3|107963253
1|3|109495877
2|3|112720988
3|3|108409720
1|3|107682231
2|3|115461654
3|3|110332142
1|3|108397543
2|3|107336599
3|3|114138468
1|5|109902426
2|5|108236044
3|5|128544159
1|5|121411045
2|5|107543212
3|5|108005684
1|5|107220807
2|5|108271993
3|5|108583830
1|5|110192135
2|5|109491093
3|5|145458696
1|5|109182790
2|5|116200331
3|5|110493793
1|5|108577346
2|5|108828331
3|5|107871151
1|5|106673123
2|5|107924927
3|5|106877262
1|5|110330209
2|5|108727358
3|5|106159792
1|5|106515505
2|5|105557783
3|5|106628539
1|5|107086648
2|5|106700578
3|5|105098897
1|2|104791571
2|2|105196612
3|2|106035728
1|2|118434457
2|2|106339318
3|2|105106364
1|2|104741213
2|2|106883613
3|2|106989810
1|2|111149254
2|2|106554590
3|2|122896325
1|2|108729414
2|2|106634299
3|2|107219971
1|2|105412562
2|2|106668204
3|2|107185713
1|4|112839294
2|4|115268052
3|4|111472901
1|4|112823756
2|4|114048559
3|4|112635909
1|4|107400184
2|4|121967216
3|4|109031589
1|5|107404948
2|5|107192108
3|5|106429900
1|5|110597005
2|5|110299306
3|5|111517254
1|4|160284616
2|4|107074478
3|4|114029853
1|4|105196416
2|4|107095708
3|4|106623336
1|2|106813740
2|2|112246395
3|2|107809003
1|2|108573472
2|2|121090463
3|2|112166029
1|2|105619700
2|2|106336107
3|2|107369006
1|2|105568949
2|2|105945593
3|2|105753404
1|2|107643842
2|2|106698062
3|2|106268927
1|2|106258425
2|2|124735704
3|2|105941985
1|2|107140219
2|2|106298867
3|2|112024082
1|2|108390331
2|2|106648886
3|2|121415205
1|2|106639842
2|2|107723012
3|2|122051499
1|2|106858548
2|2|113608543
3|2|153451758
1|2|110135676
2|2|107077871
3|2|109421773
1|2|120282076
2|2|108918920
3|2|130541061
1|2|112172439
2|2|137129325
3|2|119773703
1|2|122215532
2|2|108361786
3|2|108391290
1|2|107021865
2|2|112693383
3|2|111149713
1|3|113291802
2|3|111305300
3|3|113256234
1|3|115737823
2|3|113753771
3|3|126145291
1|3|113432921
2|3|106397538
3|3|108079632
1|2|107216447
2|2|113406964
3|2|108357136
1|3|106604862
2|3|106102261
3|3|105204631
1|3|112647871
2|3|112187789
3|3|110015142
1|3|115379713
2|3|109972934
3|3|104582545
1|2|108652075
2|2|109302911
3|2|106579435
1|2|107772387
2|2|111520628
3|2|106342103
1|5|108513125
2|5|113824711
3|5|110707487
1|9|114532466
2|9|108963682
3|9|117396405
1|7|113893163
2|7|128318423
3|7|144268999
1|5|114943127
2|5|114005201
3|5|110287131
1|2|165689846
2|2|110472200
3|2|110528175
1|6|109507935
2|6|107175380
3|6|105873626
1|7|105784222
2|7|113618263
3|7|111827535
1|7|109900055
2|7|113385181
3|7|113138700
1|5|114967959
2|5|112486802
3|5|114296950
1|6|119550450
2|6|114855929
3|6|113353169
1|5|108235300
2|5|108063120
3|5|113816446
1|7|114568200
2|7|113129085
3|7|109536819
1|7|107997262
2|7|114195015
3|7|113138883
1|7|109576906
2|7|107590776
3|7|107620325
1|3|109908467
2|3|109068285
3|3|138445099
1|5|112311945
2|5|115534253
3|5|109969870
1|5|106612887
2|5|120275785
3|5|109077328
1|3|106457077
2|3|121354917
3|3|108167077
1|3|114694917
2|3|113495564
3|3|117191560
1|3|110180658
2|3|111484915
3|3|112432687
1|5|113347571
2|5|141557910
3|5|111696011
1|4|112164446
2|4|112048251
3|4|109912988
1|4|111505688
2|4|106326943
3|4|114907910
1|2|106717885
2|2|107683953
3|2|110316702
1|4|110274941
2|4|107214194
3|4|111730404
1|4|105188003
2|4|106142750
3|4|106153566
1|7|105848048
2|7|109684068
3|7|111398600
1|5|109494577
2|5|109980031
3|5|108252546
1|7|107065573
2|7|105579681
3|7|110572434
1|7|122278490
2|7|112245963
3|7|113477870
1|3|126057917
2|3|111728936
3|3|105153493
1|3|107794933
2|3|110490939
3|3|114524714
1|11|128210493
2|11|109836076
3|11|111023390
1|5|115930924
2|5|115065550
3|5|114546966
1|7|112465511
2|7|110882683
3|7|114973939
1|7|113091510
2|7|109561599
3|7|109458311
1|7|114502644
2|7|113174611
3|7|114120941
1|7|113848260
2|7|107567249
3|7|109967975
1|7|118131226
2|7|119119153
3|7|111782924
1|7|118375297
2|7|115328638
3|7|111464701
1|7|114563811
2|7|110758534
3|7|111260369
1|7|112511266
2|7|106523426
3|7|107656350
1|7|107210843
2|7|140054812
3|7|167767203
1|9|108973388
2|9|142006362
3|9|122169859
1|7|123845706
2|7|117983976
3|7|151946355
1|7|123659400
2|7|115097339
3|7|104322569
1|9|107813750
2|9|113114513
3|9|107831294
1|7|106930604
2|7|107972821
3|7|105889066
1|7|105871717
2|7|105944447
3|7|105344214
1|7|104525842
2|7|105293226
3|7|105990476
1|7|105492123
2|7|113554624
3|7|105362436
1|5|106011234
2|5|105811354
3|5|108591421
1|6|104483174
2|6|107317247
3|6|105638920
1|6|105580929
2|6|106043218
3|6|106641334
1|4|106260608
2|4|105767695
3|4|108876332
1|4|109155579
2|4|110116533
3|4|109199097
1|4|107973327
2|4|116069216
3|4|109286795
1|4|107813927
2|4|112213282
3|4|111647243
1|4|112422609
2|4|109334039
3|4|110605875
1|2|107712808
2|2|111880640
3|2|106471238
1|2|106507962
2|2|109098088
3|2|108045959
1|4|106811903
2|4|107266850
3|4|109800074
1|4|108531597
2|4|112014392
3|4|108919338
1|4|110289352
2|4|111102173
3|4|112357157
1|6|109945950
2|6|230985495
3|6|127068834
1|5|106484307
2|5|108009553
3|5|106913961
1|5|108293364
2|5|107365376
3|5|105073804
1|6|105173501
2|6|105106168
3|6|108451668
1|7|107768682
2|7|107306775
3|7|105720937
1|7|106276203
2|7|106661868
3|7|106380560
1|5|108594634
2|5|106217535
3|5|104992406
1|7|104428700
2|7|107547747
3|7|105369563
1|7|106673971
2|7|106864652
3|7|107197631
1|5|107059288
2|5|105846557
3|5|109296202
1|7|104404383
2|7|106863165
3|7|105170412
1|7|106294438
2|7|106992397
3|7|106755031
1|7|105647207
2|7|105497936
3|7|106233863
1|7|105579830
2|7|107706240
3|7|107118109
1|7|106041000
2|7|105285441
3|7|105511361
1|7|105652055
2|7|106973670
3|7|106849426
1|7|106901994
2|7|105290081
3|7|105350712
1|11|104160905
2|11|105416445
3|11|105680358
1|7|106866227
2|7|106482342
3|7|110110522
1|9|107264743
2|9|107554770
3|9|106960356
1|7|106327374
2|7|106320887
3|7|107343545
1|7|107391862
2|7|109768898
3|7|106880829
1|9|105625939
2|9|137135802
3|9|111168793
1|7|109759405
2|7|107040950
3|7|108393750
1|7|107713642
2|7|107356467
3|7|107170680
1|7|107585014
2|7|107907371
3|7|113727096
1|7|111806375
2|7|110252316
3|7|107711244
